88 60 3 -29
34 11 18 9

Coordinates
1            0            5            4
2            0            5            4
3            0            3            4
4            0          4.5            2
5            2            3            4
6            2          4.5            2
7            0          2.5            2
8            2          2.5            2
9            4            5            4
10            0            1            4
11            0            4            0
12       1.1998       1.2593       2.6114
13       1.1998       2.7593      0.61142
14            2            1            4
15            4            3            4
16            4          4.5            2
17            2            4            0
18            0          0.5            2
19            0            2            0
20       2.3995       1.5185       1.2228
21       3.1998       1.2593       2.6114
22            4          2.5            2
23       3.1998       2.7593      0.61142
24            2          0.5            2
25            2            2            0
26       1.1998      0.75927      0.61142
27            4            1            4
28            4            4            0
29       3.1998      0.75927      0.61142
30            4          0.5            2
31            4            2            0
32            0            0            0
33            2            0            0
34            4            0            0
EndCoordinates

Elements
1 11 1 10 28 4 3 7 17 6 8
2 10 32 11 20 18 19 7 12 26 13
3 32 11 20 34 19 13 26 33 25 29
4 20 32 34 27 26 33 29 21 24 30
5 34 20 27 28 29 21 30 31 23 22
6 34 20 28 11 29 23 31 25 13 17
7 20 27 28 10 21 22 23 12 14 8
8 20 28 11 10 23 17 13 12 8 7
9 20 27 10 32 21 14 12 26 24 18
10 9 28 27 10 16 22 15 5 8 14
11 1 9 10 28 2 5 3 6 16 8
EndElements

Dirichlet
1            0
3            0
4            0
7            0
9            0
10            0
11            0
15            0
16            0
18            0
19            0
22            0
27            0
28            0
30            0
31            0
32            0
34            0
EndDirichlet

Neumann
1            5
2            5
3            5
5            5
9            5
10            5
14            5
15            5
27            5
EndNeumann
